  TIME                ENSTROPHY           KE
  0.000000000000E+00  0.375000003355E+00  0.125000000000E+00
  0.400000000000E-01  0.375006240150E+00  0.124981250364E+00
  0.800000000000E-01  0.375137441298E+00  0.124962497293E+00
  0.120000000000E+00  0.375393728469E+00  0.124943734535E+00
  0.160000000000E+00  0.375775402907E+00  0.124924955829E+00
  0.200000000000E+00  0.376282943697E+00  0.124906154896E+00
  0.240000000000E+00  0.376917005642E+00  0.124887325425E+00
  0.280000000000E+00  0.377678416809E+00  0.124868461072E+00
  0.320000000000E+00  0.378568175741E+00  0.124849555444E+00
  0.360000000000E+00  0.379587448399E+00  0.124830602095E+00
  0.400000000000E+00  0.380737564857E+00  0.124811594518E+00
  0.440000000000E+00  0.382020015810E+00  0.124792526132E+00
  0.480000000000E+00  0.383436448930E+00  0.124773390282E+00
  0.520000000000E+00  0.384988665129E+00  0.124754180224E+00
  0.560000000000E+00  0.386678614769E+00  0.124734889120E+00
  0.600000000000E+00  0.388508393873E+00  0.124715510031E+00
  0.640000000000E+00  0.390480240383E+00  0.124696035912E+00
  0.680000000000E+00  0.392596530507E+00  0.124676459599E+00
  0.720000000000E+00  0.394859775184E+00  0.124656773809E+00
  0.760000000000E+00  0.397272616724E+00  0.124636971127E+00
  0.800000000000E+00  0.399837825626E+00  0.124617044007E+00
  0.840000000000E+00  0.402558297610E+00  0.124596984756E+00
  0.880000000000E+00  0.405437050878E+00  0.124576785538E+00
  0.920000000000E+00  0.408477223604E+00  0.124556438360E+00
  0.960000000000E+00  0.411682071671E+00  0.124535935070E+00
  0.100000000000E+01  0.415054966627E+00  0.124515267351E+00
  0.104000000000E+01  0.418599393869E+00  0.124494426714E+00
  0.108000000000E+01  0.422318951019E+00  0.124473404492E+00
  0.112000000000E+01  0.426217346485E+00  0.124452191837E+00
  0.116000000000E+01  0.430298398155E+00  0.124430779712E+00
  0.120000000000E+01  0.434566032212E+00  0.124409158887E+00
  0.124000000000E+01  0.439024282008E+00  0.124387319931E+00
  0.128000000000E+01  0.443677286975E+00  0.124365253212E+00
  0.132000000000E+01  0.448529291510E+00  0.124342948885E+00
  0.136000000000E+01  0.453584643809E+00  0.124320396892E+00
  0.140000000000E+01  0.458847794574E+00  0.124297586956E+00
  0.144000000000E+01  0.464323295581E+00  0.124274508573E+00
  0.148000000000E+01  0.470015798034E+00  0.124251151008E+00
  0.152000000000E+01  0.475930050686E+00  0.124227503295E+00
  0.156000000000E+01  0.482070897673E+00  0.124203554225E+00
  0.160000000000E+01  0.488443276037E+00  0.124179292345E+00
  0.164000000000E+01  0.495052212895E+00  0.124154705952E+00
  0.168000000000E+01  0.501902822251E+00  0.124129783092E+00
  0.172000000000E+01  0.509000301408E+00  0.124104511551E+00
  0.176000000000E+01  0.516349926993E+00  0.124078878854E+00
  0.180000000000E+01  0.523957050568E+00  0.124052872260E+00
  0.184000000000E+01  0.531827093862E+00  0.124026478758E+00
  0.188000000000E+01  0.539965543617E+00  0.123999685064E+00
  0.192000000000E+01  0.548377946100E+00  0.123972477619E+00
  0.196000000000E+01  0.557069901333E+00  0.123944842585E+00
  0.200000000000E+01  0.566047057128E+00  0.123916765841E+00
  0.204000000000E+01  0.575315103050E+00  0.123888232982E+00
  0.208000000000E+01  0.584879764488E+00  0.123859229318E+00
  0.212000000000E+01  0.594746797071E+00  0.123829739870E+00
  0.216000000000E+01  0.604921981760E+00  0.123799749368E+00
  0.220000000000E+01  0.615411121023E+00  0.123769242253E+00
  0.224000000000E+01  0.626220036638E+00  0.123738202668E+00
  0.228000000000E+01  0.637354569763E+00  0.123706614467E+00
  0.232000000000E+01  0.648820584077E+00  0.123674461202E+00
  0.236000000000E+01  0.660623972919E+00  0.123641726130E+00
  0.240000000000E+01  0.672770671488E+00  0.123608392204E+00
  0.244000000000E+01  0.685266675338E+00  0.123574442071E+00
  0.248000000000E+01  0.698118066489E+00  0.123539858072E+00
  0.252000000000E+01  0.711331048650E+00  0.123504622227E+00
  0.256000000000E+01  0.724911993109E+00  0.123468716234E+00
  0.260000000000E+01  0.738867496980E+00  0.123432121457E+00
  0.264000000000E+01  0.753204455554E+00  0.123394818909E+00
  0.268000000000E+01  0.767930150585E+00  0.123356789238E+00
  0.272000000000E+01  0.783052356415E+00  0.123318012702E+00
  0.276000000000E+01  0.798579465882E+00  0.123278469145E+00
  0.280000000000E+01  0.814520638082E+00  0.123238137959E+00
  0.284000000000E+01  0.830885970115E+00  0.123196998046E+00
  0.288000000000E+01  0.847686695125E+00  0.123155027766E+00
  0.292000000000E+01  0.864935409061E+00  0.123112204877E+00
  0.296000000000E+01  0.882646328807E+00  0.123068506461E+00
  0.300000000000E+01  0.900835584411E+00  0.123023908842E+00
  0.304000000000E+01  0.919521548158E+00  0.122978387481E+00
  0.308000000000E+01  0.938725202958E+00  0.122931916859E+00
  0.312000000000E+01  0.958470551851E+00  0.122884470339E+00
  0.316000000000E+01  0.978785069358E+00  0.122836020004E+00
  0.320000000000E+01  0.999700194008E+00  0.122786536470E+00
  0.324000000000E+01  0.102125185971E+01  0.122735988669E+00
  0.328000000000E+01  0.104348106173E+01  0.122684343606E+00
  0.332000000000E+01  0.106643444958E+01  0.122631566077E+00
  0.336000000000E+01  0.109016493097E+01  0.122577618347E+00
  0.340000000000E+01  0.111473225481E+01  0.122522459795E+00
  0.344000000000E+01  0.114020351483E+01  0.122466046511E+00
  0.348000000000E+01  0.116665348379E+01  0.122408330857E+00
  0.352000000000E+01  0.119416466122E+01  0.122349260982E+00
  0.356000000000E+01  0.122282690802E+01  0.122288780306E+00
  0.360000000000E+01  0.125273655946E+01  0.122226826978E+00
  0.364000000000E+01  0.128399496231E+01  0.122163333344E+00
  0.368000000000E+01  0.131670647474E+01  0.122098225432E+00
  0.372000000000E+01  0.135097608667E+01  0.122031422510E+00
  0.376000000000E+01  0.138690692673E+01  0.121962836747E+00
  0.380000000000E+01  0.142459793874E+01  0.121892373030E+00
  0.384000000000E+01  0.146414185309E+01  0.121819928945E+00
  0.388000000000E+01  0.150562328754E+01  0.121745394982E+00
  0.392000000000E+01  0.154911666371E+01  0.121668654924E+00
  0.396000000000E+01  0.159468394542E+01  0.121589586443E+00
  0.400000000000E+01  0.164237272662E+01  0.121508061880E+00
  0.404000000000E+01  0.169221475090E+01  0.121423949212E+00
  0.408000000000E+01  0.174422276321E+01  0.121337113075E+00
  0.412000000000E+01  0.179838190249E+01  0.121247415652E+00
  0.416000000000E+01  0.185463661499E+01  0.121154717386E+00
  0.420000000000E+01  0.191288752779E+01  0.121058878381E+00
  0.424000000000E+01  0.197301723628E+01  0.120959762075E+00
  0.428000000000E+01  0.203493211879E+01  0.120857241436E+00
  0.432000000000E+01  0.209856575003E+01  0.120751204671E+00
  0.436000000000E+01  0.216381621950E+01  0.120641556756E+00
  0.440000000000E+01  0.223047360744E+01  0.120528217323E+00
  0.444000000000E+01  0.229822085935E+01  0.120411118773E+00
  0.448000000000E+01  0.236672906019E+01  0.120290207411E+00
  0.452000000000E+01  0.243579993642E+01  0.120165447434E+00
  0.456000000000E+01  0.250541417162E+01  0.120036824793E+00
  0.460000000000E+01  0.257554048339E+01  0.119904346395E+00
  0.464000000000E+01  0.264593741677E+01  0.119768032404E+00
  0.468000000000E+01  0.271621709230E+01  0.119627907491E+00
  0.472000000000E+01  0.278601145960E+01  0.119483998865E+00
  0.476000000000E+01  0.285501997528E+01  0.119336340972E+00
  0.480000000000E+01  0.292299486976E+01  0.119184981235E+00
  0.484000000000E+01  0.298976978962E+01  0.119029981330E+00
  0.488000000000E+01  0.305521004978E+01  0.118871413997E+00
  0.492000000000E+01  0.311912175565E+01  0.118709359116E+00
  0.496000000000E+01  0.318133601808E+01  0.118543903207E+00
  0.500000000000E+01  0.324183154858E+01  0.118375143354E+00
  0.504000000000E+01  0.330068421334E+01  0.118203189263E+00
  0.508000000000E+01  0.335791276483E+01  0.118028159079E+00
  0.512000000000E+01  0.341344888515E+01  0.117850173860E+00
  0.516000000000E+01  0.346720808962E+01  0.117669355518E+00
  0.520000000000E+01  0.351909014412E+01  0.117485826066E+00
  0.524000000000E+01  0.356896486248E+01  0.117299706825E+00
  0.528000000000E+01  0.361672823205E+01  0.117111118106E+00
  0.532000000000E+01  0.366241728805E+01  0.116920177893E+00
  0.536000000000E+01  0.370627527682E+01  0.116726998633E+00
  0.540000000000E+01  0.374865922007E+01  0.116531683555E+00
  0.544000000000E+01  0.378991841503E+01  0.116334323585E+00
  0.548000000000E+01  0.383041016104E+01  0.116134993160E+00
  0.552000000000E+01  0.387052370261E+01  0.115933744924E+00
  0.556000000000E+01  0.391061155244E+01  0.115730605954E+00
  0.560000000000E+01  0.395096019549E+01  0.115525577410E+00
  0.564000000000E+01  0.399182093059E+01  0.115318637978E+00
  0.568000000000E+01  0.403340674303E+01  0.115109745974E+00
  0.572000000000E+01  0.407591218794E+01  0.114898837297E+00
  0.576000000000E+01  0.411956448678E+01  0.114685826880E+00
  0.580000000000E+01  0.416464035137E+01  0.114470616351E+00
  0.584000000000E+01  0.421141223830E+01  0.114253102096E+00
  0.588000000000E+01  0.426013733487E+01  0.114033178139E+00
  0.592000000000E+01  0.431097207499E+01  0.113810731033E+00
  0.596000000000E+01  0.436390090494E+01  0.113585634284E+00
  0.600000000000E+01  0.441872036786E+01  0.113357758546E+00
  0.604000000000E+01  0.447503599528E+01  0.113126989783E+00
  0.608000000000E+01  0.453243160865E+01  0.112893230498E+00
  0.612000000000E+01  0.459055480462E+01  0.112656392181E+00
  0.616000000000E+01  0.464892164718E+01  0.112416395284E+00
  0.620000000000E+01  0.470688060786E+01  0.112173176205E+00
  0.624000000000E+01  0.476384354639E+01  0.111926701087E+00
  0.628000000000E+01  0.481950899897E+01  0.111676978483E+00
  0.632000000000E+01  0.487401765605E+01  0.111424051042E+00
  0.636000000000E+01  0.492794759602E+01  0.111167974386E+00
  0.640000000000E+01  0.498191030875E+01  0.110908798975E+00
  0.644000000000E+01  0.503610935009E+01  0.110646545340E+00
  0.648000000000E+01  0.509040417908E+01  0.110381190174E+00
  0.652000000000E+01  0.514461724298E+01  0.110112679724E+00
  0.656000000000E+01  0.519882754804E+01  0.109840954371E+00
  0.660000000000E+01  0.525326029745E+01  0.109565969570E+00
  0.664000000000E+01  0.530773728955E+01  0.109287708058E+00
  0.668000000000E+01  0.536146119643E+01  0.109006195006E+00
  0.672000000000E+01  0.541340562682E+01  0.108721523597E+00
  0.676000000000E+01  0.546279774250E+01  0.108433866281E+00
  0.680000000000E+01  0.550928451893E+01  0.108143458015E+00
  0.684000000000E+01  0.555300428196E+01  0.107850564893E+00
  0.688000000000E+01  0.559482932995E+01  0.107555429663E+00
  0.692000000000E+01  0.563629837349E+01  0.107258191192E+00
  0.696000000000E+01  0.567904675701E+01  0.106958834820E+00
  0.700000000000E+01  0.572435771898E+01  0.106657223920E+00
  0.704000000000E+01  0.577332879175E+01  0.106353163664E+00
  0.708000000000E+01  0.582717433267E+01  0.106046422358E+00
  0.712000000000E+01  0.588635409197E+01  0.105736726722E+00
  0.716000000000E+01  0.595002888262E+01  0.105423789960E+00
  0.720000000000E+01  0.601784281067E+01  0.105107324045E+00
  0.724000000000E+01  0.609133462127E+01  0.104787000554E+00
  0.728000000000E+01  0.617238780024E+01  0.104462406366E+00
  0.732000000000E+01  0.626102866432E+01  0.104133102882E+00
  0.736000000000E+01  0.635621089677E+01  0.103798695590E+00
  0.740000000000E+01  0.645624722596E+01  0.103458843639E+00
  0.744000000000E+01  0.655822100921E+01  0.103113283505E+00
  0.748000000000E+01  0.665866011973E+01  0.102761902099E+00
  0.752000000000E+01  0.675530758243E+01  0.102404822496E+00
  0.756000000000E+01  0.684888547056E+01  0.102042328094E+00
  0.760000000000E+01  0.694188074001E+01  0.101674628961E+00
  0.764000000000E+01  0.703622278366E+01  0.101301752533E+00
  0.768000000000E+01  0.713368716136E+01  0.100923596815E+00
  0.772000000000E+01  0.723581415187E+01  0.100539941982E+00
  0.776000000000E+01  0.734291058287E+01  0.100150506240E+00
  0.780000000000E+01  0.745523453107E+01  0.997550851651E-01
  0.784000000000E+01  0.757221553813E+01  0.993535520113E-01
  0.788000000000E+01  0.769144194813E+01  0.989457102464E-01
  0.792000000000E+01  0.781140084428E+01  0.985312137858E-01
  0.796000000000E+01  0.793163545771E+01  0.981097214508E-01
  0.800000000000E+01  0.804955514592E+01  0.976810231391E-01
  0.804000000000E+01  0.815904698572E+01  0.972450828021E-01
  0.808000000000E+01  0.825955267177E+01  0.968020510473E-01
  0.812000000000E+01  0.835871288144E+01  0.963521300653E-01
  0.816000000000E+01  0.846105365516E+01  0.958955393540E-01
  0.820000000000E+01  0.856254137481E+01  0.954326620475E-01
  0.824000000000E+01  0.865801669306E+01  0.949639128170E-01
  0.828000000000E+01  0.874661183831E+01  0.944893600622E-01
  0.832000000000E+01  0.883445052053E+01  0.940088090908E-01
  0.836000000000E+01  0.892731432586E+01  0.935220173880E-01
  0.840000000000E+01  0.902163064675E+01  0.930289159540E-01
  0.844000000000E+01  0.911507323214E+01  0.925298063901E-01
  0.848000000000E+01  0.921150688080E+01  0.920249524432E-01
  0.852000000000E+01  0.931468286448E+01  0.915141101224E-01
  0.856000000000E+01  0.941912329428E+01  0.909968359456E-01
  0.860000000000E+01  0.951538658660E+01  0.904730170314E-01
  0.864000000000E+01  0.959836705706E+01  0.899432914342E-01
  0.868000000000E+01  0.966132159064E+01  0.894085353055E-01
  0.872000000000E+01  0.970078110234E+01  0.888696264560E-01
  0.876000000000E+01  0.972394898494E+01  0.883273966480E-01
  0.880000000000E+01  0.974179811923E+01  0.877827305022E-01
  0.884000000000E+01  0.975239459163E+01  0.872367924484E-01
  0.888000000000E+01  0.974831136641E+01  0.866906411837E-01
  0.892000000000E+01  0.972883887909E+01  0.861448677095E-01
  0.896000000000E+01  0.969894736319E+01  0.855996189708E-01
  0.900000000000E+01  0.966978475687E+01  0.850552316588E-01
  0.904000000000E+01  0.964314160101E+01  0.845123847296E-01
  0.908000000000E+01  0.960410920341E+01  0.839719310795E-01
  0.912000000000E+01  0.955644372179E+01  0.834346425600E-01
  0.916000000000E+01  0.950787442050E+01  0.829010113204E-01
  0.920000000000E+01  0.945733543799E+01  0.823712804864E-01
  0.924000000000E+01  0.940292647459E+01  0.818454586662E-01
  0.928000000000E+01  0.934319220297E+01  0.813234338733E-01
  0.932000000000E+01  0.927890853669E+01  0.808052171725E-01
  0.936000000000E+01  0.921474195881E+01  0.802908987566E-01
  0.940000000000E+01  0.915154000713E+01  0.797804159975E-01
  0.944000000000E+01  0.908931022097E+01  0.792736678375E-01
  0.948000000000E+01  0.903082594175E+01  0.787705402240E-01
  0.952000000000E+01  0.897731531733E+01  0.782708199982E-01
  0.956000000000E+01  0.892906585891E+01  0.777742685150E-01
  0.960000000000E+01  0.888482036457E+01  0.772806616810E-01
  0.964000000000E+01  0.884273535538E+01  0.767898134708E-01
  0.968000000000E+01  0.880072141980E+01  0.763016315377E-01
  0.972000000000E+01  0.875911771656E+01  0.758159546706E-01
  0.976000000000E+01  0.872148756126E+01  0.753324692228E-01
  0.980000000000E+01  0.868977428939E+01  0.748508559493E-01
  0.984000000000E+01  0.866425286465E+01  0.743709053681E-01
  0.988000000000E+01  0.864350474938E+01  0.738925401161E-01
  0.992000000000E+01  0.862592169370E+01  0.734157600727E-01
  0.996000000000E+01  0.861033706122E+01  0.729405514097E-01
  0.100000000000E+02  0.859399730608E+01  0.724669030078E-01
  0.100400000000E+02  0.857404524296E+01  0.719947782181E-01
  0.100800000000E+02  0.854972339492E+01  0.715240810024E-01
  0.101200000000E+02  0.852424231189E+01  0.710546818913E-01
  0.101600000000E+02  0.850034328601E+01  0.705864381040E-01
  0.102000000000E+02  0.847695416123E+01  0.701192991084E-01
  0.102400000000E+02  0.845138690859E+01  0.696533226001E-01
  0.102800000000E+02  0.842249361979E+01  0.691885640183E-01
  0.103200000000E+02  0.839171903852E+01  0.687250821208E-01
  0.103600000000E+02  0.836073514123E+01  0.682630384422E-01
  0.104000000000E+02  0.832864121892E+01  0.678027028507E-01
  0.104400000000E+02  0.829417572954E+01  0.673443320821E-01
  0.104800000000E+02  0.825789908278E+01  0.668880847494E-01
  0.105200000000E+02  0.822072819063E+01  0.664340534447E-01
  0.105600000000E+02  0.818269238563E+01  0.659823088515E-01
  0.106000000000E+02  0.814370281906E+01  0.655329188708E-01
  0.106400000000E+02  0.810259214893E+01  0.650860358223E-01
  0.106800000000E+02  0.805738792745E+01  0.646419499442E-01
  0.107200000000E+02  0.800939051971E+01  0.642009468918E-01
  0.107600000000E+02  0.796166609479E+01  0.637631247149E-01
  0.108000000000E+02  0.791379877328E+01  0.633283858593E-01
  0.108400000000E+02  0.786455549343E+01  0.628966542388E-01
  0.108800000000E+02  0.781325908175E+01  0.624679816820E-01
  0.109200000000E+02  0.775865307414E+01  0.620424964632E-01
  0.109600000000E+02  0.770052733645E+01  0.616203268385E-01
  0.110000000000E+02  0.763928771309E+01  0.612015895881E-01
  0.110400000000E+02  0.757557548057E+01  0.607863659491E-01
  0.110800000000E+02  0.751113412720E+01  0.603746854155E-01
  0.111200000000E+02  0.744838137985E+01  0.599665618120E-01
  0.111600000000E+02  0.738826967562E+01  0.595620337902E-01
  0.112000000000E+02  0.732908584865E+01  0.591611576802E-01
  0.112400000000E+02  0.726861491894E+01  0.587640009345E-01
  0.112800000000E+02  0.720570864724E+01  0.583706398731E-01
  0.113200000000E+02  0.714015716959E+01  0.579811481059E-01
  0.113600000000E+02  0.707258333804E+01  0.575955752032E-01
  0.114000000000E+02  0.700386788509E+01  0.572139207659E-01
  0.114400000000E+02  0.693469097595E+01  0.568361476870E-01
  0.114800000000E+02  0.686598020760E+01  0.564621886988E-01
  0.115200000000E+02  0.679907911498E+01  0.560919378528E-01
  0.115600000000E+02  0.673454058874E+01  0.557252949357E-01
  0.116000000000E+02  0.667184983080E+01  0.553622063919E-01
  0.116400000000E+02  0.661008052975E+01  0.550026413026E-01
  0.116800000000E+02  0.654833217110E+01  0.546465529661E-01
  0.117200000000E+02  0.648676196244E+01  0.542938713436E-01
  0.117600000000E+02  0.642619034810E+01  0.539445289643E-01
  0.118000000000E+02  0.636646781204E+01  0.535985141752E-01
  0.118400000000E+02  0.630652700727E+01  0.532558863979E-01
  0.118800000000E+02  0.624578002479E+01  0.529167381721E-01
  0.119200000000E+02  0.618437499836E+01  0.525811457867E-01
  0.119600000000E+02  0.612207300405E+01  0.522491553387E-01
  0.120000000000E+02  0.605832718257E+01  0.519208079111E-01
  0.120400000000E+02  0.599350394552E+01  0.515961467126E-01
  0.120800000000E+02  0.592849296790E+01  0.512751931533E-01
  0.121200000000E+02  0.586362478288E+01  0.509579383743E-01
  0.121600000000E+02  0.579867726840E+01  0.506443628472E-01
  0.122000000000E+02  0.573335533621E+01  0.503344493137E-01
  0.122400000000E+02  0.566762367426E+01  0.500281803191E-01
  0.122800000000E+02  0.560178276745E+01  0.497255549873E-01
  0.123200000000E+02  0.553641292201E+01  0.494265994787E-01
  0.123600000000E+02  0.547209688632E+01  0.491313442031E-01
  0.124000000000E+02  0.540902164321E+01  0.488397992311E-01
  0.124400000000E+02  0.534704730253E+01  0.485519406428E-01
  0.124800000000E+02  0.528587120838E+01  0.482677137936E-01
  0.125200000000E+02  0.522518287657E+01  0.479870569447E-01
  0.125600000000E+02  0.516487657163E+01  0.477099114350E-01
  0.126000000000E+02  0.510510482994E+01  0.474362137776E-01
  0.126400000000E+02  0.504609842139E+01  0.471658949560E-01
  0.126800000000E+02  0.498797874636E+01  0.468988885072E-01
  0.127200000000E+02  0.493079357205E+01  0.466351362355E-01
  0.127600000000E+02  0.487455271970E+01  0.463745867670E-01
  0.128000000000E+02  0.481928833991E+01  0.461171926877E-01
  0.128400000000E+02  0.476502079243E+01  0.458629120220E-01
  0.128800000000E+02  0.471165200749E+01  0.456117027282E-01
  0.129200000000E+02  0.465902083224E+01  0.453635105231E-01
  0.129600000000E+02  0.460705851719E+01  0.451182674777E-01
  0.130000000000E+02  0.455574650837E+01  0.448759038311E-01
  0.130400000000E+02  0.450506095877E+01  0.446363574990E-01
  0.130800000000E+02  0.445514379380E+01  0.443995744540E-01
  0.131200000000E+02  0.440624401401E+01  0.441655065105E-01
  0.131600000000E+02  0.435844376448E+01  0.439341084009E-01
  0.132000000000E+02  0.431170265322E+01  0.437053355936E-01
  0.132400000000E+02  0.426605215664E+01  0.434791430647E-01
  0.132800000000E+02  0.422158739104E+01  0.432554817638E-01
  0.133200000000E+02  0.417839975013E+01  0.430342937247E-01
  0.133600000000E+02  0.413657582994E+01  0.428155073769E-01
  0.134000000000E+02  0.409623145058E+01  0.425990368626E-01
  0.134400000000E+02  0.405750147132E+01  0.423847873510E-01
  0.134800000000E+02  0.402047023549E+01  0.421726611848E-01
  0.135200000000E+02  0.398515454003E+01  0.419625615103E-01
  0.135600000000E+02  0.395155657016E+01  0.417543925965E-01
  0.136000000000E+02  0.391967774410E+01  0.415480582950E-01
  0.136400000000E+02  0.388948041430E+01  0.413434626711E-01
  0.136800000000E+02  0.386089156016E+01  0.411405128407E-01
  0.137200000000E+02  0.383384895419E+01  0.409391216749E-01
  0.137600000000E+02  0.380832136833E+01  0.407392087689E-01
  0.138000000000E+02  0.378424688006E+01  0.405406995614E-01
  0.138400000000E+02  0.376146319796E+01  0.403435251731E-01
  0.138800000000E+02  0.373973855708E+01  0.401476235819E-01
  0.139200000000E+02  0.371883912137E+01  0.399529408769E-01
  0.139600000000E+02  0.369857123350E+01  0.397594313756E-01
  0.140000000000E+02  0.367880179776E+01  0.395670563157E-01
  0.140400000000E+02  0.365943080755E+01  0.393757835561E-01
  0.140800000000E+02  0.364035300494E+01  0.391855890449E-01
  0.141200000000E+02  0.362146592004E+01  0.389964571951E-01
  0.141600000000E+02  0.360267242968E+01  0.388083795276E-01
  0.142000000000E+02  0.358385042072E+01  0.386213540345E-01
  0.142400000000E+02  0.356485008615E+01  0.384353854334E-01
  0.142800000000E+02  0.354551534207E+01  0.382504847606E-01
  0.143200000000E+02  0.352569283472E+01  0.380666684079E-01
  0.143600000000E+02  0.350526433184E+01  0.378839564302E-01
  0.144000000000E+02  0.348420268324E+01  0.377023701876E-01
  0.144400000000E+02  0.346257116535E+01  0.375219313306E-01
  0.144800000000E+02  0.344046633154E+01  0.373426616544E-01
  0.145200000000E+02  0.341798925109E+01  0.371645809704E-01
  0.145600000000E+02  0.339524861610E+01  0.369877040699E-01
  0.146000000000E+02  0.337235471950E+01  0.368120396560E-01
  0.146400000000E+02  0.334941614273E+01  0.366375906388E-01
  0.146800000000E+02  0.332653249822E+01  0.364643541402E-01
  0.147200000000E+02  0.330375950510E+01  0.362923217572E-01
  0.147600000000E+02  0.328107733645E+01  0.361214813306E-01
  0.148000000000E+02  0.325840608660E+01  0.359518198851E-01
  0.148400000000E+02  0.323566130627E+01  0.357833262321E-01
  0.148800000000E+02  0.321280192829E+01  0.356159919962E-01
  0.149200000000E+02  0.318983943982E+01  0.354498111280E-01
  0.149600000000E+02  0.316682405588E+01  0.352847794813E-01
  0.150000000000E+02  0.314383071709E+01  0.351208950452E-01
  0.150400000000E+02  0.312094484486E+01  0.349581572800E-01
  0.150800000000E+02  0.309824626747E+01  0.347965652516E-01
  0.151200000000E+02  0.307579728269E+01  0.346361164971E-01
  0.151600000000E+02  0.305363892454E+01  0.344768073547E-01
  0.152000000000E+02  0.303179128765E+01  0.343186334665E-01
  0.152400000000E+02  0.301025229801E+01  0.341615896733E-01
  0.152800000000E+02  0.298900040877E+01  0.340056699049E-01
  0.153200000000E+02  0.296800780147E+01  0.338508675402E-01
  0.153600000000E+02  0.294725682748E+01  0.336971756431E-01
  0.154000000000E+02  0.292674629564E+01  0.335445864697E-01
  0.154400000000E+02  0.290648389592E+01  0.333930906036E-01
  0.154800000000E+02  0.288647355992E+01  0.332426764771E-01
  0.155200000000E+02  0.286671039732E+01  0.330933306812E-01
  0.155600000000E+02  0.284718860999E+01  0.329450387430E-01
  0.156000000000E+02  0.282791432206E+01  0.327977857435E-01
  0.156400000000E+02  0.280891088072E+01  0.326515564981E-01
  0.156800000000E+02  0.279021392625E+01  0.325063353655E-01
  0.157200000000E+02  0.277186159156E+01  0.323621058183E-01
  0.157600000000E+02  0.275388421514E+01  0.322188500240E-01
  0.158000000000E+02  0.273629522897E+01  0.320765488076E-01
  0.158400000000E+02  0.271908522760E+01  0.319351821774E-01
  0.158800000000E+02  0.270222319487E+01  0.317947302840E-01
  0.159200000000E+02  0.268566447041E+01  0.316551744988E-01
  0.159600000000E+02  0.266935969950E+01  0.315164983232E-01
  0.160000000000E+02  0.265326197989E+01  0.313786879755E-01
  0.160400000000E+02  0.263733279335E+01  0.312417325495E-01
  0.160800000000E+02  0.262154701636E+01  0.311056237150E-01
  0.161200000000E+02  0.260589583199E+01  0.309703550302E-01
  0.161600000000E+02  0.259038622893E+01  0.308359209764E-01
  0.162000000000E+02  0.257503751175E+01  0.307023159077E-01
  0.162400000000E+02  0.255987613800E+01  0.305695331211E-01
  0.162800000000E+02  0.254493117148E+01  0.304375642308E-01
  0.163200000000E+02  0.253023246449E+01  0.303063990067E-01
  0.163600000000E+02  0.251581045674E+01  0.301760256678E-01
  0.164000000000E+02  0.250169554264E+01  0.300464313971E-01
  0.164400000000E+02  0.248791640056E+01  0.299176028213E-01
  0.164800000000E+02  0.247449662217E+01  0.297895263023E-01
  0.165200000000E+02  0.246145028482E+01  0.296621879885E-01
  0.165600000000E+02  0.244877849317E+01  0.295355736855E-01
  0.166000000000E+02  0.243646783426E+01  0.294096686658E-01
  0.166400000000E+02  0.242449071370E+01  0.292844575673E-01
  0.166800000000E+02  0.241280687957E+01  0.291599245263E-01
  0.167200000000E+02  0.240136549190E+01  0.290360536143E-01
  0.167600000000E+02  0.239010832386E+01  0.289128295063E-01
  0.168000000000E+02  0.237897483280E+01  0.287902381630E-01
  0.168400000000E+02  0.236790861642E+01  0.286682672959E-01
  0.168800000000E+02  0.235686338818E+01  0.285469065419E-01
  0.169200000000E+02  0.234580568993E+01  0.284261474708E-01
  0.169600000000E+02  0.233471257597E+01  0.283059836031E-01
  0.170000000000E+02  0.232356588411E+01  0.281864104963E-01
  0.170400000000E+02  0.231234745348E+01  0.280674258139E-01
  0.170800000000E+02  0.230103851020E+01  0.279490292706E-01
  0.171200000000E+02  0.228962261175E+01  0.278312224342E-01
  0.171600000000E+02  0.227808915893E+01  0.277140084405E-01
  0.172000000000E+02  0.226643526414E+01  0.275973916684E-01
  0.172400000000E+02  0.225466578060E+01  0.274813774085E-01
  0.172800000000E+02  0.224279212670E+01  0.273659715790E-01
  0.173200000000E+02  0.223083010904E+01  0.272511805170E-01
  0.173600000000E+02  0.221879703020E+01  0.271370107825E-01
  0.174000000000E+02  0.220670935159E+01  0.270234688642E-01
  0.174400000000E+02  0.219458240650E+01  0.269105607527E-01
  0.174800000000E+02  0.218243236726E+01  0.267982914625E-01
  0.175200000000E+02  0.217027920538E+01  0.266866646339E-01
  0.175600000000E+02  0.215814905938E+01  0.265756823097E-01
  0.176000000000E+02  0.214607484650E+01  0.264653449121E-01
  0.176400000000E+02  0.213409419586E+01  0.263556513514E-01
  0.176800000000E+02  0.212224434510E+01  0.262465991190E-01
  0.177200000000E+02  0.211055529572E+01  0.261381842442E-01
  0.177600000000E+02  0.209904401357E+01  0.260304011766E-01
  0.178000000000E+02  0.208771244125E+01  0.259232427960E-01
  0.178400000000E+02  0.207655083137E+01  0.258167006940E-01
  0.178800000000E+02  0.206554501356E+01  0.257107656835E-01
  0.179200000000E+02  0.205468310508E+01  0.256054283649E-01
  0.179600000000E+02  0.204395810172E+01  0.255006795623E-01
  0.180000000000E+02  0.203336585706E+01  0.253965105383E-01
  0.180400000000E+02  0.202289917300E+01  0.252929130569E-01
  0.180800000000E+02  0.201254118809E+01  0.251898794363E-01
  0.181200000000E+02  0.200226349962E+01  0.250874026604E-01
  0.181600000000E+02  0.199203098297E+01  0.249854764868E-01
  0.182000000000E+02  0.198181072477E+01  0.248840954604E-01
  0.182400000000E+02  0.197158086305E+01  0.247832549064E-01
  0.182800000000E+02  0.196133379452E+01  0.246829510397E-01
  0.183200000000E+02  0.195107053457E+01  0.245831811085E-01
  0.183600000000E+02  0.194079108074E+01  0.244839433761E-01
  0.184000000000E+02  0.193048953282E+01  0.243852369306E-01
  0.184400000000E+02  0.192015676626E+01  0.242870614616E-01
  0.184800000000E+02  0.190978643312E+01  0.241894170925E-01
  0.185200000000E+02  0.189937913366E+01  0.240923042712E-01
  0.185600000000E+02  0.188894193299E+01  0.239957236904E-01
  0.186000000000E+02  0.187848388642E+01  0.238996762102E-01
  0.186400000000E+02  0.186801197837E+01  0.238041628031E-01
  0.186800000000E+02  0.185753108696E+01  0.237091845218E-01
  0.187200000000E+02  0.184704643438E+01  0.236147424245E-01
  0.187600000000E+02  0.183656456690E+01  0.235208374012E-01
  0.188000000000E+02  0.182609191338E+01  0.234274699508E-01
  0.188400000000E+02  0.181563335712E+01  0.233346400393E-01
  0.188800000000E+02  0.180519272680E+01  0.232423470963E-01
  0.189200000000E+02  0.179477438984E+01  0.231505900922E-01
  0.189600000000E+02  0.178438404514E+01  0.230593676381E-01
  0.190000000000E+02  0.177402814081E+01  0.229686780963E-01
  0.190400000000E+02  0.176371281895E+01  0.228785196927E-01
  0.190800000000E+02  0.175344316715E+01  0.227888906052E-01
  0.191200000000E+02  0.174322265999E+01  0.226997890169E-01
  0.191600000000E+02  0.173305256802E+01  0.226112131512E-01
  0.192000000000E+02  0.172293162866E+01  0.225231613043E-01
  0.192400000000E+02  0.171285635328E+01  0.224356318799E-01
  0.192800000000E+02  0.170282198999E+01  0.223486234226E-01
  0.193200000000E+02  0.169282386850E+01  0.222621346514E-01
  0.193600000000E+02  0.168285860082E+01  0.221761644857E-01
  0.194000000000E+02  0.167292454999E+01  0.220907120413E-01
  0.194400000000E+02  0.166302143239E+01  0.220057765894E-01
  0.194800000000E+02  0.165314949880E+01  0.219213574880E-01
  0.195200000000E+02  0.164330883804E+01  0.218374540973E-01
  0.195600000000E+02  0.163349904067E+01  0.217540656881E-01
  0.196000000000E+02  0.162371921390E+01  0.216711913538E-01
  0.196400000000E+02  0.161396832737E+01  0.215888299502E-01
  0.196800000000E+02  0.160424587501E+01  0.215069800860E-01
  0.197200000000E+02  0.159455263670E+01  0.214256401687E-01
  0.197600000000E+02  0.158489106021E+01  0.213448084833E-01
  0.198000000000E+02  0.157526483824E+01  0.212644832645E-01
  0.198400000000E+02  0.156567775173E+01  0.211846627318E-01
  0.198800000000E+02  0.155613245650E+01  0.211053450861E-01
  0.199200000000E+02  0.154663005382E+01  0.210265284860E-01
  0.199600000000E+02  0.153717073070E+01  0.209482110237E-01
  0.200000000000E+02  0.152775486211E+01  0.208703907020E-01
